	7856248.8
һ	3538406
	3007490
	2909858
	2847646.8
	2269145.2
	1890694.8
	1825749.6
	1787303.6
	1731398
	1579742.8
	1420028
	1346269.6
	1248240.8
	1141907.6
˵	1099651.6
Ҳ	1075895.6
	1028907.2
	1010834.8
	1010452
	987818.4
Ϊ	958877.6
	950545.2
	942162.4
	871812.4
	862738
ȥ	841541.2
	834591.2
	833036.8
ʱ	811026
	806349.2
Ҫ	802951.2
	789839.6
	789476.4
	754502
	750304.8
ô	704317.6
	691405.6
	689230.8
	668556.4
	656241.6
	649459.2
	648205.6
	635145.2
	634149.2
	634034.8
	631048.4
	630162
С	627478.8
	615032.4
֮	599262.4
	586812.8
	583116.8
	574616
	571094.8
	565744.8
û	559944
	553517.6
Ȼ	548837.2
	528440.8
	523215.6
	518469.6
	511500.8
	509504.4
ѧ	508017.6
	498365.6
	484661.6
	480459.2
	474122
	467532
	463494
	462322
	457718
	457640
ֻ	454348.4
	451513.6
̫	429905.6
	425982
	417797.6
	412073.2
	411666.8
	402810
	401546
	397349.6
	395180.8
ͬ	386267.2
	385796.8
	378412.4
Щ	376616.4
ͷ	371847.6
	367141.6
ʲ	365904.4
	365733.2
	365619.2
	363262
	357850.8
	354618.4
֪	353919.6
ʮ	353110
	351789.2
	351673.6
	351188.8
ǰ	348220
	343487.6
ʵ	342824
	341459.6
	341326.4
	340016.8
	337916
	335306.8
	330717.2
	330341.6
	327387.6
	327264.8
	327255.6
	318675.2
	318564.4
	313732.4
Ц	310616
	310118
ϵ	309361.6
	307446
	305565.6
	302192.4
	301391.2
	300978.4
	296452
	295831.2
	294263.6
	293662
	290237.6
Ů	288427.6
	284863.6
	280398
	278818
	278706.8
	278529.2
Ӧ	277729.2
	277228.4
	275325.6
	274352
	266553.2
	263013.2
	260518
	259323.2
ʹ	257155.2
	256975.6
	254666.8
	252806.4
	251553.6
	250042
	244970.8
	243252
	242258.4
	241923.6
	241726
	240398
ȫ	240349.6
	239544
	238724
	238031.6
	235500
	234900.4
	233804
	233788
	233316
	233301.6
	232862
д	231771.2
	230703.2
ͳ	230355.6
	229101.2
	227528.4
	226631.2
	225911.2
	225581.6
	224970.4
	219006.4
	218640.8
	217878.4
	216646
	215857.2
	214230
	212246.8
	209916.4
	207859.2
	206048.8
	204884.8
	203119.2
	202049.2
	200118
	198117.2
ͼ	195917.6
	193564.8
	193429.2
	193103.6
	193098
	190464.8
	189802.8
ס	188537.2
	188278.4
	188254
ʽ	188160
ͨ	187739.2
	186225.6
ƽ	186123.6
	183971.6
	183793.6
	183429.2
	181515.6
Ϣ	180904
	179398.4
	178684.8
ȴ	177268
	176436
	175486
λ	174799.2
	174364.8
	173694
	173641.6
	171884.8
	171141.6
	170616
	169509.2
	169291.6
	168558.8
	168034.8
	167949.6
	167946.4
	167173.2
	166332
	165704.4
	165609.6
	165440
	165010.8
	163785.6
	159673.6
	159350.4
	158668.8
ˮ	158571.2
	158293.6
	158096.8
	157730
Ǯ	157320
	156895.2
·	155266.4
	155168
	154734.4
	154382.8
	154348
	154278.4
	153833.2
	153781.6
	153499.6
	152466
	152426.4
	152069.2
ģ	151835.2
	149512
	149451.6
	148084.8
	147262.4
	147186
	147074.4
	146740.8
	144508.8
˼	143764.8
ɽ	142795.2
	142341.6
	142157.2
	141574.4
	141438
	140915.6
	140622
	140300.4
	140293.2
	140256.4
ԭ	140235.6
	139695.2
	139393.6
	139306.8
	139040.4
	138971.6
	138698.4
	138556.8
	138051.2
	137619.2
	136241.2
	135946.4
	135853.2
	135204.8
	134169.2
ֱ	132691.2
	132527.2
	132042.4
	131523.6
	131012
	130831.6
	130563.2
ɫ	130555.6
	130492
Ŀ	130471.6
	130265.6
	130132.4
	130085.2
	129852
	128148
	127113.2
	125625.2
ʶ	125341.6
	124427.6
Զ	123739.6
ָ	123353.6
	123158
	123088.8
	122944.4
	121760.8
	121257.6
	120826.8
	120516.8
ÿ	120440.8
	119808
	119601.2
	119167.6
	118899.2
	118818.8
ʾ	118800.4
	118569.2
	118525.2
	118276.8
	117490
	116350
	115801.6
ʿ	115491.2
	115351.2
ĸ	115031.2
	115022.8
	114827.6
	114377.6
	114342.8
	113308.4
	112945.2
	112250
	111908.8
	111832.8
	111748.8
	111704.4
	111024.8
	110803.2
	110667.2
	110622.8
ϲ	110113.6
ʫ	109840.8
	109533.2
	109232.4
	109192.8
	109135.2
	108196.4
	107741.2
	107222.8
	107004.4
̸	106960.4
	106840
	106808.8
	105984
	105937.6
	105848.4
	105469.2
	105297.2
	105084
	104666
ת	103999.2
	103906.4
	103504.4
	103452.8
	102961.6
	102924
	102802.8
	102757.2
	99484.4
	98470
	98202.4
	98016.8
Ӣ	97609.2
	97574.4
	96768
΢	96456.4
	96036
ȡ	95952
	95887.2
ҵ	95757.2
Ԫ	95269.6
	95267.2
˭	95146
վ	94912
	94650
	94090
ֵ	93675.2
ү	93646.4
	93227.2
	92509.6
	92258.4
	91845.2
	91430
	91421.6
	90837.2
	90726.8
̬	90514
	90268.4
	90041.2
	89795.2
	89470
	89430
	89355.2
	89312
	89222.4
	88538
δ	88347.6
	87640
	87623.2
	87474.4
	87339.6
	86719.2
Ӱ	86716
	86644.4
	86383.6
	86196.8
	86175.6
	86131.6
	85974
	85222.8
	84631.6
ȷ	84022
ս	83901.2
	83531.6
	83338.8
	83196.8
	82915.6
	82702.8
	82682
ƪ	82638
	82608.8
	82167.2
	82160
	82079.2
	81960.8
	81445.6
Ժ	81352.4
	80823.2
	80689.2
Ա	80576.4
ʧ	80166.8
	80016.8
	79957.6
	79861.6
	79769.6
	79656.8
	79339.6
	79320.8
Ը	78771.6
	78711.6
	78653.6
	78623.6
	78623.2
	78516.8
	78349.6
ʦ	78271.2
	77348
	77277.2
	77216.4
Ƭ	77208
Ʒ	77176
	77050
	76982
	76818.8
	76761.2
	76591.6
	76512.8
	76434
	76350
	76309.6
	76296
	75798.8
ǿ	75633.6
	75632.4
	75607.6
	75577.2
Խ	75483.6
æ	75016
ʼ	74983.6
	74739.6
	74412.4
	74043.2
	74007.2
	73820.8
	73742.8
	73707.6
	73526.4
ľ	73331.6
	73072.4
	72889.6
	72810
׼	72553.6
	72492.8
	72368.8
	72314.4
	72273.6
	72004.4
ѽ	71824.8
	71570.4
	71567.6
	71558.4
ҹ	71528.4
	71501.2
־	71155.6
	71020.4
	70847.6
	70834
	70656
̨	70282.8
	70143.6
ҳ	70112.4
ϸ	70020.8
	69931.2
	69895.2
Ϸ	69848
	69608.4
	69539.6
У	69346.8
Լ	69241.2
	68926.8
	68890
	68683.2
	68414.8
	68358
	68276.8
չ	68096
	67980.4
	67858.8
	67684.4
	67571.2
	67426.4
	67410
	67330.4
	67281.6
	66982
ʯ	66798.4
	66770
	66462.4
	65692.4
	65490
	65346
֤	65010.8
	64960.4
	64146.4
ѡ	63993.2
	63812.4
	63784
	63764
	63697.2
	63520.4
	63500
	63456.8
ע	63450.4
ǧ	63379.6
	63293.2
	62508.8
ר	62378.4
	62356
	61892.8
	61616
	61547.6
	61466
	61273.2
	61202
֧	60739.2
	60663.2
	60569.6
	60437.6
	60261.6
	60249.2
	60210.4
	60105.6
ӡ	60021.6
װ	59967.2
	59857.6
	59707.6
	59688.8
	59101.6
	59010
	58900.4
	58658.8
	58534.8
	58514.4
	58494
˯	58478.4
	58477.6
	58372
	58289.6
	58258.8
	58250.4
	58234.8
	57914
	57365.6
	57346.4
	57205.6
	57156
	57061.6
	57055.6
	56970
	56938.8
	56692.8
	56682.4
	56322
	55840.4
ϣ	55734
	55629.6
	55462
	55451.2
ʷ	55304.8
ϰ	55296.8
	55293.6
	55076.8
	55060
ʹ	55048.8
	54984.8
	54939.6
¥	54846
	54816.4
	54805.2
	54794
	54627.2
Ч	54528.8
	54311.6
	54295.6
	54210.8
	53973.2
	53868.8
	53780
	53665.2
	53657.6
	53649.6
	53634
	53582
	53195.6
Ⱥ	53168.4
	53012.4
	52920.4
	52773.2
ν	52452.8
	52388.4
	52289.6
	52171.6
	52093.2
״	51994.4
ɢ	51990.4
	51926.4
	51796.8
	51535.2
	51376.4
	51366.4
	51254.8
	51234.8
ֽ	51218.8
Դ	51161.6
	50958.8
	50714.8
	50708.4
	50686
	50684
	50554.8
	50329.6
	50206.4
	50194.4
	50134.4
	50088.8
	49898.4
	49772.4
	49678.8
	49666.4
	49521.2
	49431.6
	49408
ά	49385.6
	49314.4
	49239.6
	49159.6
ζ	49148
	49124.4
	49110
˳	49080.8
	48871.2
	48832.8
	48824.4
	48675.2
	48569.6
ĳ	48534.8
	48498.8
	48492
	48383.2
	48361.2
	48289.6
	48144
	48112.4
	48111.2
	48063.6
	47967.6
ë	47967.6
	47953.6
	47781.2
	47759.2
	47674
	47655.6
	47614.8
	47552
	47514.8
	47373.6
	47222.4
	47120.4
	46968
	46839.6
	46753.6
	46657.6
	46586.8
	46552.8
÷	46479.6
	46452.4
	46444.8
	46323.6
	46298
	46249.6
	46245.6
Ȩ	46150.4
	46070.4
	45969.2
	45884.8
	45744.4
	45596.8
԰	45444
	45405.6
	45392.4
	45388.4
	45375.6
	45187.2
	45155.6
	45072.4
	44809.2
	44787.6
	44669.2
	44640.8
	44593.6
	44532
	44459.6
	44448.4
	44408.8
	44375.6
	44242.8
Ƥ	44160.8
	44131.2
	43830.8
	43772.8
	43730.8
	43663.2
	43640
	43480.4
	43480.4
	43326
	43243.6
Χ	43198.8
	43060
ֹ	43056.8
	43034
	42940.8
Э	42918
л	42832.4
	42785.6
˫	42695.6
	42665.2
	42447.6
	42320.8
	42264.4
	42257.2
Ĭ	42250
	42234
	42163.2
	41870
	41860.4
	41814
Ū	41754
Ԥ	41751.2
	41746.4
	41607.2
	41549.6
˾	41476.4
	41408.8
	41384.8
	41383.6
	41232.8
ҡ	41164
	41102
	41082.8
˹	41027.6
	40976.8
	40886
	40662
	40525.6
	40495.2
ɱ	40347.2
	40270.8
	40249.2
	39999.2
	39865.6
ͻ	39854.8
	39731.2
ִ	39700.8
	39682
	39545.6
	39487.6
Ѫ	39356.8
	39354.4
	39269.2
	39261.6
	39202
	39180.8
	38806
	38678.8
	38642
	38604.4
	38598
ͣ	38594.8
	38531.2
	38498.8
	38471.2
	38359.2
	38178.4
	38055.6
	38014
	38002.8
	37802.4
	37778.8
	37704.8
	37679.6
	37559.6
	37442.4
	37303.6
	37267.6
	37260.4
¼	37208
	37193.2
ҽ	37117.2
	37049.2
	37008.4
	36956
	36926
	36891.2
	36742.8
	36562
	36439.6
	36437.2
	36431.6
	36417.6
	36380.8
	36319.6
	36001.2
ѹ	35992.8
	35938.4
	35937.2
	35922
	35819.6
	35754.8
	35690
	35526
	35524.8
ʡ	35513.2
	35343.6
	35118.4
	34868.4
	34813.6
	34750
¶	34630
	34598
	34466.4
	34190.8
	34087.6
	34079.6
	34079.2
	34060.4
	34048.4
ʤ	33932.4
	33913.2
	33814
	33803.2
	33770.8
Ī	33696
Ի	33661.6
	33632.4
ȱ	33530.8
	33339.2
Ҷ	33322.8
	33286.8
	33202
	33080
ɩ	33020
	32960.8
	32927.6
	32910.4
	32876.8
Ȥ	32858.4
	32699.2
	32666.4
	32596.8
	32515.6
	32400.8
ţ	32344.8
	32169.6
	32057.2
	32043.6
	31980
	31948
	31856.4
ϴ	31854.4
	31823.2
ɳ	31799.2
	31777.2
	31770.4
	31762
	31724.8
	31665.6
	31593.2
	31582.4
	31531.6
ũ	31489.6
	31448.4
	31395.6
	31310.4
	31224.4
ǽ	31162.4
ѩ	31112.8
	31044.4
	30825.6
	30762.4
	30662
	30660
	30452
	30384.8
	30201.6
ǹ	30118.8
	30116.4
ͯ	29933.2
	29782.4
	29778.8
	29683.6
	29680
	29619.2
	29594.4
	29581.2
	29576.4
	29484
Ӳ	29305.2
	29252.8
	29233.2
	29132.8
Բ	29122
	29098
	29012
	29012
ʳ	28891.6
	28891.6
	28829.2
	28793.2
	28735.6
	28694
Ұ	28624
	28608.8
	28596.4
	28486
	28416
	28396
	28282
	28196.4
	27962.8
	27959.2
	27935.6
	27904
	27896.8
	27890.8
	27873.2
	27798
	27752.4
	27520.4
	27366.4
	27364.8
	27356.4
	27327.6
	27198
	27149.2
	27148.4
ӳ	27140.8
Ѱ	27092.4
	27063.2
	27043.6
	26990.8
³	26973.6
Ͷ	26945.2
	26925.2
	26893.6
	26881.2
ƫ	26746.4
	26744
	26593.2
ü	26589.6
	26502.8
	26385.2
	26350.4
˿	26307.6
ѯ	26240.4
	26038
	25900
	25783.6
	25755.6
	25644
	25604
	25590.8
ְ	25535.2
	25508.8
	25494.8
̧	25396.4
Ѹ	25307.2
̾	25132
	25130.4
	25126
	25097.2
	25090.8
	25073.2
	25063.6
	25002
׷	24992.8
	24946
	24926.4
	24901.6
	24895.6
	24842.8
ͥ	24824.8
	24806.8
ΰ	24774.4
	24770.4
	24768.4
͵	24758.8
ί	24746.4
֯	24722
	24704
	24623.2
	24495.6
	24366.4
	24352
	24339.6
̽	24320.4
	24295.2
	24257.6
ĩ	24220.4
	24156.8
	24128.8
	24125.6
	24076
	24056.4
	24056.4
	24046.8
	23972.8
	23958.8
	23957.2
ӭ	23952
	23924
	23870.8
	23850.8
	23815.2
	23798.8
	23750
	23747.2
	23732.8
	23710
	23688.8
	23617.6
ռ	23610.8
	23600.8
	23526.4
ժ	23504.4
	23502.4
	23482.4
	23460.4
	23452.8
	23447.6
	23324.4
	23252.8
	23230.8
Ե	23219.2
	23189.2
	23188.8
	23156.4
	23123.6
	23070
	23060.4
	23040.8
	23014.4
	22931.6
	22904.8
	22880
ҩ	22866
ׯ	22860
	22853.6
	22850
	22844.4
	22838.8
ϧ	22837.2
	22768
	22759.6
	22696.8
ϯ	22639.6
	22602
	22595.6
	22568.8
	22524
	22520.8
	22372
	22352.8
	22339.2
	22200
	22198.4
	22192.4
	22179.6
	22134.8
	22070
Ȱ	22068.4
	22032.8
	22022.8
	21988.4
	21934
	21902.4
Ȧ	21841.2
	21812.8
	21810.8
	21762.4
	21685.2
	21683.2
	21664
	21662.4
	21638.4
	21636.4
	21627.2
	21624.4
	21454
	21387.2
	21365.6
	21361.2
	21336.4
˽	21307.2
	21274.4
	21248.4
	21244.8
͸	21213.2
	21196
	21183.2
ʩ	21169.6
	21147.6
ʥ	21094
Ӫ	21076.4
	21066
	21030.4
	20916
Ʊ	20911.6
	20902.4
	20898
ŭ	20887.6
	20860.8
	20828.4
	20819.2
ŷ	20746.4
ѵ	20744.4
	20727.6
	20714.8
	20705.2
	20686.4
	20666.4
Ƶ	20630.8
	20577.2
	20479.6
	20448
֦	20438.8
	20433.2
	20433.2
ݥ	20431.2
	20396.4
	20384.8
	20384.4
	20380
	20369.6
	20367.6
	20359.6
	20346.8
	20332
	20319.6
ץ	20300
	20257.6
ý	20239.6
Ь	20223.6
	20149.6
	20140
	20112
	20098.4
	20082.8
è	20006.8
	19982.4
	19945.2
	19914
	19899.6
	19892.8
	19800.8
	19772
	19770.8
	19766.8
ο	19747.2
	19740.4
;	19739.6
	19734.8
	19642.8
	19599.2
	19551.6
	19506.4
	19463.2
	19463.2
	19462
	19451.6
ż	19422.4
	19346.8
	19311.6
	19301.6
	19210.4
	19135.6
Ψ	19104.4
	19093.2
	19068
	19040
	18937.6
	18932
	18884.4
	18856.4
	18837.2
	18803.2
	18801.6
	18801.2
	18791.2
	18763.2
	18726.4
	18699.6
	18694.8
	18677.2
	18623.6
	18595.6
	18552.4
	18545.6
	18519.2
	18490.4
	18414
	18372.4
	18249.2
	18224.8
	18143.2
	18092.8
	18076.4
	18052.4
Ļ	18034.8
	17962.4
	17866.4
	17800.4
ƥ	17743.6
	17658
	17629.6
	17627.6
ƾ	17612.8
	17549.6
	17474.4
	17447.6
	17428.4
Σ	17394.4
	17337.6
	17315.6
Ŭ	17296.8
ַ	17262.4
	17253.2
	17247.6
	17246.4
	17217.2
ǡ	17132.8
	17118
	17117.6
	17114
	17113.2
	17102.4
	17097.2
ɨ	17082
ʢ	17079.6
	17052.8
	16994.4
ʣ	16981.6
	16952
	16950.4
	16932.4
	16929.2
	16914.8
	16910
	16836.8
	16820.4
	16789.6
	16779.2
	16741.2
	16739.6
	16703.2
	16626.8
	16545.6
	16518.8
	16515.2
	16490
	16456.4
׳	16429.6
	16405.2
	16400.4
	16350.8
	16300
	16284.4
	16281.6
Ϳ	16248.4
	16155.6
	16116
	16090.8
	16090
	16084.4
ѭ	16066.8
ʰ	16046.4
	16046.4
	16044.8
	16003.2
	15968
	15936
	15927.6
	15824.8
β	15748
	15741.2
	15738
	15737.2
	15712.8
	15649.6
	15634
ð	15629.6
	15629.2
	15624.8
½	15600
ī	15570
	15567.6
ͽ	15548
Ѳ	15546.8
ӵ	15503.2
	15472
ñ	15450.8
	15444
	15415.2
	15394.8
	15365.2
	15357.2
	15334
	15266.8
	15220.4
	15120.8
	15109.6
	15078
ף	15063.2
	15043.6
	15042.8
	14972
	14964
	14950.4
	14936
	14924.4
	14922
Ҧ	14892.8
	14853.6
ͤ	14849.2
	14806
	14666
	14649.2
ҧ	14644
	14622.4
	14583.2
ƴ	14542.8
ͦ	14512.4
	14418.8
	14416.4
	14408
Ǩ	14387.6
	14384.4
б	14378.8
	14270.4
	14261.2
	14243.2
	14242
	14218
	14210.8
	14198.8
	14169.6
	14124
	14115.6
	14103.2
ĥ	14096.4
	14072.8
Թ	14065.6
	14044
	14038
	14011.2
ǳ	13993.6
	13973.6
	13966
	13942.8
	13929.2
	13926.4
ƿ	13874.4
	13872.4
	13858
	13762.4
	13752
	13748.8
	13668.4
	13645.6
	13639.6
	13638
ը	13599.6
	13583.2
	13563.6
	13503.2
	13492.8
	13478.8
	13478.4
Ƣ	13444.8
	13397.2
	13358
	13350
	13350
	13339.2
	13327.6
	13304
	13250
ı	13248
	13223.2
	13215.2
	13194.8
	13185.6
	13183.6
	13182.4
	13163.6
Ʈ	13148
	13112
	13098
	13081.6
	13060
	13046.4
	12915.2
	12910.4
	12896
	12869.2
	12826.8
	12798.4
	12750.4
	12730.4
	12721.2
	12717.2
	12711.6
ͭ	12700
	12679.2
	12672.8
	12672
̩	12645.2
	12618.4
	12600.4
Ω	12562
	12558.4
	12555.2
	12538.8
֣	12495.6
	12476
ƭ	12445.6
	12399.6
ɥ	12380.8
	12362.4
	12361.6
	12340
	12321.6
׽	12319.6
	12312
	12309.2
	12288.8
	12252
	12250
	12244.8
Ħ	12234.8
	12160
ò	12158
	12142.4
ů	12130.4
	12127.2
	12123.2
	12121.6
Ѷ	12118.4
	12115.2
	12110
	12102
ū	12094.8
	12084.8
	12066
	12050
Т	12039.2
	12017.6
	11924.8
	11913.6
	11902.8
	11885.6
	11882.4
	11880.4
	11832.8
	11816.4
	11815.6
	11813.6
	11805.2
Ư	11795.2
Ľ	11784
	11779.6
	11775.6
	11748
	11725.2
	11713.6
	11688.8
	11661.6
Ũ	11659.6
	11659.6
	11656.8
	11648.8
	11634.4
	11603.2
	11600.4
	11585.6
	11569.6
	11566.8
	11542
	11536
	11530
	11529.2
	11507.2
	11457.6
ɾ	11443.6
ϱ	11443.2
	11419.2
Ť	11297.2
	11296.8
	11284.8
	11280.4
	11276
ϼ	11271.6
	11230.4
ɵ	11217.2
	11199.2
	11182
	11171.6
	11122.4
	11087.2
	11081.6
	11050.8
	11047.6
	11039.6
ã	11032
	11001.6
	10980.8
	10968
	10957.6
	10928
	10888.8
	10882.8
	10838
	10823.2
	10811.6
Ŷ	10783.2
Ƿ	10771.2
	10759.2
	10745.6
	10741.6
	10714.8
	10682.8
	10682.4
	10616
	10589.6
	10582.4
	10579.2
	10574.4
	10545.2
	10521.6
	10518.4
	10481.6
	10474
	10450
	10446.4
	10437.6
	10427.2
	10404.8
	10395.2
	10394.8
	10394.8
	10393.2
	10390
	10389.6
	10386.8
	10364
	10303.2
	10290
	10285.6
	10238.4
	10234.4
	10218.8
	10207.2
	10206.8
	10192.4
	10184.4
	10172
	10163.6
Ⱦ	10147.6
̤	10144.4
	10127.2
	10122.8
	10118
ҥ	10099.2
	10070.4
	10060.8
Ȫ	10045.2
	10041.6
	10024
Ъ	10023.6
ʪ	10017.6
	10015.6
	10014.8
ȭ	10003.6
	9984.8
	9972.4
	9960
	9959.6
	9944.4
	9916
	9904.4
	9904
	9894.4
ǣ	9868
	9854
ƶ	9805.6
ի	9804.8
	9802.4
	9797.2
	9775.2
	9741.6
	9730
	9728.4
	9719.2
	9711.2
	9709.2
	9705.6
	9702.4
	9701.2
į	9693.2
	9678.4
	9663.2
	9658.8
	9656.4
	9655.2
	9653.6
	9652
Ӵ	9632.8
	9624
	9623.2
Ȣ	9611.6
	9601.6
ϡ	9595.6
Ĩ	9548.8
	9532.8
	9499.6
	9498.8
	9486.4
	9463.2
̳	9455.2
	9441.6
	9439.2
	9411.2
	9397.2
	9393.6
	9388.4
	9369.6
	9352.4
¯	9328.8
	9324
Ϥ	9323.6
	9314.8
	9295.2
	9242.8
	9215.6
ӿ	9180.8
ˬ	9174.4
	9173.2
	9159.2
	9156.8
	9149.2
֥	9125.2
ƣ	9124.8
	9124.4
ޥ	9110
	9095.6
	9081.6
	8984.4
	8976.4
ͩ	8976.4
լ	8955.6
	8922.8
	8918.8
	8916.8
	8908
	8903.6
	8902.8
	8890
	8888
	8882.4
	8865.2
	8854.4
	8847.6
	8834.4
	8810.8
	8803.2
	8771.6
	8766.4
	8758.8
	8753.2
	8752.8
ˢ	8748.4
	8739.2
	8738.8
	8732.4
	8730.8
	8717.6
	8708.4
Ʃ	8698
	8685.6
	8677.2
	8647.6
	8643.2
	8626.4
	8616.4
	8592.4
ǩ	8590
	8580
Ծ	8572.8
	8560
	8554.8
Ϫ	8550
	8528.4
	8510.8
	8506
	8504
	8496.4
	8476
	8449.2
Ƕ	8417.6
ʬ	8415.2
	8415.2
	8393.6
	8392.8
	8380.4
	8376.8
	8370
	8369.6
	8363.2
ǻ	8361.6
	8352.8
	8322.8
	8317.6
ײ	8316.8
	8306.4
	8302.4
Ԣ	8254
	8248.4
	8247.6
	8235.6
	8220
	8212.8
	8197.6
	8195.6
	8193.6
̹	8190.4
	8186.8
	8176.4
	8168
	8164.8
	8159.2
	8156.4
	8154.4
	8124.8
ԩ	8110
	8110
ծ	8100
¡	8097.6
	8096.8
	8093.6
ˣ	8090.8
	8089.6
	8089.6
	8082.4
	8079.6
	8073.2
	8069.6
	8068.8
	8059.6
ì	8031.6
	8030.4
	8016.8
	8001.6
α	7984
	7983.6
	7972.8
Ϲ	7954.8
	7947.6
	7927.2
	7906
	7896.8
	7891.2
	7884.4
	7868.4
	7854
	7842.8
	7840
	7808.4
	7801.6
	7781.2
Ԭ	7774.4
	7758.8
	7728
	7727.2
ǫ	7693.2
	7679.2
	7671.6
	7669.6
ֲ	7660
ɴ	7644
ң	7630.4
	7590.4
	7581.2
	7577.6
ز	7575.2
	7558
	7546.8
	7536
	7518.4
	7479.6
	7447.2
	7443.2
	7438
	7434
	7425.6
	7422.4
	7412.4
	7404.8
	7400.8
	7396.4
	7395.6
	7390.4
	7388
Ѽ	7383.2
	7368
˥	7359.6
	7357.6
	7356.4
	7339.2
	7320.4
	7306
	7306
	7302.4
	7301.6
	7295.6
	7282
	7269.6
	7269.2
	7260.8
Ѿ	7259.6
	7242.8
	7238
̯	7234
	7219.6
	7219.2
	7217.6
	7194.8
	7190.8
	7187.6
	7182
	7172.8
	7170.4
	7162.4
	7133.2
	7098.8
	7098
	7093.6
	7088.4
	7082.8
Ϯ	7078.4
	7072
	7065.6
	7048
	7040
	7034.8
	7022.8
	7014
	7000.4
ħ	6998.4
ú	6993.2
Ԩ	6990.8
Ү	6990.4
	6988
	6975.6
	6973.2
	6971.6
	6952
	6945.2
	6944
	6941.2
	6926
	6916
	6910.8
	6906.4
	6892.8
	6882.4
Ϧ	6876.8
	6868
	6859.6
	6857.2
	6820.4
	6814.4
	6812
	6806
١	6792.4
	6773.2
	6772.8
Ĺ	6767.6
	6751.6
	6746.4
	6740.8
	6733.2
	6698
	6680.4
ȼ	6673.2
	6670.8
	6664.4
	6658
	6657.2
ҫ	6655.6
	6638.8
	6621.6
	6596
	6592.8
	6579.6
	6575.2
	6555.6
	6529.6
	6526.4
	6503.2
	6482.8
	6482.4
	6481.2
	6473.6
	6470
	6462
	6460
	6439.6
	6438
֡	6432.4
	6428.4
	6425.6
	6414.4
	6394.8
	6390.4
Կ	6384.8
	6384
	6379.2
	6378
	6375.2
	6360.4
	6355.6
	6354.4
	6350
	6334.8
	6331.6
	6280.4
̰	6274.4
	6273.2
	6266
ԣ	6264.8
	6261.6
	6240
ϥ	6235.2
	6232.8
	6230.4
	6222
ˤ	6213.2
	6210.8
	6195.6
	6192.8
Ͳ	6190.8
	6180.8
	6166.4
	6148
ɧ	6148
	6143.6
	6140.4
	6134.8
	6127.2
	6123.2
	6121.2
	6120.8
ŵ	6116.8
	6106.8
ͺ	6103.2
	6091.2
	6075.2
	6071.6
Į	6069.6
	6067.2
	6061.6
	6060.8
	6056.4
	6054.4
	6054.4
ι	6044.4
	6041.6
Ǳ	6016.8
	6014
	5991.2
	5984.4
	5976.4
ɭ	5963.6
ӹ	5955.2
	5944.4
ȹ	5929.6
	5918.4
	5913.2
	5911.6
	5898.4
	5891.2
	5886.8
е	5884
	5882.4
	5879.2
	5852.4
	5843.2
	5833.2
	5812.8
	5804
й	5798
	5790
ɺ	5784
¬	5782.4
	5776.8
	5772.4
	5761.6
	5760
ԥ	5753.6
	5752.8
	5748
	5744
	5739.2
Ѻ	5735.6
	5724.8
	5711.2
	5699.6
	5699.2
	5694.8
ѻ	5678
	5670
	5664.8
	5664.4
	5664
	5660
	5654.4
	5649.6
	5642
	5641.2
	5636
	5630.4
	5626.4
	5625.2
	5620.8
	5617.2
	5615.2
©	5614.8
	5612.8
	5611.2
	5606.4
	5601.2
	5600
ʸ	5596.4
	5594.8
	5590
	5590
Ǹ	5578
ǲ	5577.2
	5568
	5553.2
	5549.2
	5547.6
	5546
	5531.6
	5531.6
	5521.6
̲	5498.8
ש	5482.8
	5474.8
	5474.8
	5472.4
	5470
	5466
ɤ	5461.6
	5461.2
	5458.4
	5456
	5454.4
	5454
	5449.6
ȸ	5438
	5413.2
ƨ	5401.6
	5398.8
	5391.6
	5390
	5364.8
	5362.4
	5360
	5330.4
ֶ	5320
	5320
	5316.4
	5300
	5296
	5294
	5290
	5284
κ	5282.4
η	5267.2
	5264.8
	5263.6
	5261.2
	5256.4
	5248.4
	5239.2
	5231.2
	5223.6
	5218
	5214.4
ޱ	5214
	5210.4
	5202.4
	5199.6
	5194.4
	5190
	5172.8
͢	5172.4
	5166
	5166
	5163.6
˪	5160
	5160
Ǭ	5158.8
	5147.6
	5146.8
	5134.8
	5118.4
	5115.6
	5099.2
	5096
	5092.8
	5092.8
	5091.2
	5087.6
Ԯ	5063.6
ݺ	5050
	5049.6
	5048.8
խ	5048
	5043.2
	5039.6
	5021.2
	5020
	5014.4
ӣ	5012.4
ĭ	5011.2
Ӷ	5003.6
	4997.6
	4996
	4995.6
	4969.2
ɹ	4966
	4951.2
	4950
	4945.6
	4945.2
	4943.2
	4929.6
	4926.4
	4926
	4919.6
	4915.2
	4915.2
	4908.8
	4894.8
	4860
	4855.6
	4841.2
	4825.6
	4822.4
	4819.6
	4811.6
ճ	4803.2
	4800
	4798
	4797.6
	4796.4
	4787.6
	4783.6
	4781.6
	4771.6
	4769.6
	4766.4
	4759.6
é	4754
	4752
	4750
	4749.6
	4748.4
	4746.4
õ	4742
	4738.4
	4734.8
	4734
	4722
	4720.4
	4720
	4703.2
פ	4691.2
	4690
	4689.6
н	4670.8
	4670
ּ	4662
׬	4661.2
	4652.4
	4646.8
	4642.8
	4640
	4634.8
	4619.6
	4610.8
	4604.4
	4600
	4593.2
	4578.4
	4576.8
	4573.2
	4565.2
	4557.6
	4551.2
˺	4547.6
͹	4543.6
ԡ	4539.6
	4536.4
Я	4534
	4530
£	4529.6
Υ	4526
	4524.4
	4522.4
	4519.6
	4514.4
ˡ	4512.4
Ы	4511.6
	4503.2
Ƴ	4490
	4490
ĺ	4483.2
	4482.8
м	4479.6
	4475.6
	4474.4
	4464.8
	4461.6
	4457.6
׺	4450.8
	4444.8
	4442.8
	4442.4
	4442
Ӯ	4441.6
	4422
	4420.8
	4403.6
	4386
	4386
˰	4385.6
	4382.4
	4378.8
	4374.8
«	4364.4
	4342.4
	4340
	4331.2
߶	4331.2
յ	4330
	4326.8
ױ	4326.4
	4320.8
	4316
	4313.6
ٻ	4306
	4306
	4290
	4286.8
ɲ	4282.8
	4281.6
	4272
	4268.4
׮	4268
	4250.4
	4248
	4231.6
Ͱ	4231.2
θ	4226
	4216.8
	4212.4
	4208
	4196.4
	4193.6
	4181.2
	4180.8
֬	4169.2
ķ	4162
	4156
ɣ	4149.6
	4148
	4147.2
	4117.6
Ķ	4112.4
	4109.6
	4106.4
¿	4104.4
а	4103.2
	4101.2
	4099.2
	4093.2
ä	4092.8
	4091.6
ջ	4090
	4089.2
׫	4080.4
	4080
	4073.6
	4069.2
	4062.8
	4055.6
	4052
	4051.6
	4050
	4050
	4048
	4047.6
	4046.8
	4040
µ	4040
	4031.2
	4028.4
մ	4021.2
	4020
	4019.6
	4014.4
	4011.6
İ	4008.8
	4006.4
	4004.8
ɯ	4004
	3986
	3981.6
	3978
	3974.4
Ż	3973.2
ϻ	3968.4
	3957.2
	3944.8
	3938.4
	3935.6
	3924
	3922.4
	3919.6
	3918.8
	3917.6
	3915.2
	3914.8
	3913.2
	3908.4
	3901.6
	3889.2
	3888.4
	3884.8
	3884.8
	3880
	3876.4
	3873.2
	3855.2
ġ	3853.6
	3850
	3824
	3820
	3816.8
Ų	3816
ç	3811.6
	3809.6
	3807.6
	3798.4
	3796.4
Ʋ	3794.8
ª	3791.2
	3785.6
	3777.6
	3777.6
	3766.4
	3746.8
	3741.6
	3736.8
	3733.2
г	3732.8
	3731.6
Ӭ	3723.2
ʨ	3721.6
ť	3710.8
	3708.4
	3696.4
	3694.4
	3692.8
	3684.8
	3680
	3670
	3665.6
إ	3660
	3659.2
Ƨ	3654
	3642.4
	3629.2
	3620
	3620
Ӥ	3617.6
׹	3611.2
	3609.6
	3604.8
	3600
	3596.4
	3592.4
	3580
	3578
	3576
	3575.6
	3570
	3564.4
	3543.6
	3543.2
	3543.2
	3543.2
	3541.6
	3534.8
	3534.4
	3531.2
	3528
֢	3522.8
հ	3516.4
	3507.6
̷	3504.8
	3499.2
	3496
	3493.2
̥	3487.6
ܿ	3482
ɡ	3481.2
	3464.8
	3458
ƻ	3450.4
	3443.2
	3440
	3438
ɮ	3433.2
	3430
	3426
	3421.6
	3410
	3410
	3409.2
	3408
	3404.8
	3404.4
	3397.6
	3396
	3392
	3386.8
˴	3386.8
	3378
Ȯ	3376
	3371.2
ӯ	3368
	3363.6
ֳ	3356.8
	3351.2
	3350
	3346
	3342
	3334.8
	3330
	3320
	3306
	3303.2
	3303.2
	3300.8
	3287.6
	3285.6
	3283.2
	3263.6
	3263.2
	3262.8
	3256.8
Һ	3255.6
	3250
¹	3246.8
	3240.4
	3240
	3226
	3221.6
ѿ	3220
	3219.6
	3219.6
ʻ	3218.8
	3216.4
Τ	3211.2
	3209.6
	3204.8
϶	3204.4
	3201.2
	3198.8
	3196
	3183.2
	3171.6
	3170
	3170
	3167.6
ö	3163.2
˶	3163.2
	3161.6
Ͼ	3158
	3157.2
	3154.8
	3150.4
	3148.8
	3138
	3137.6
Ǧ	3118
ƺ	3116
	3112.8
	3112
	3110
	3101.2
	3091.2
	3088
	3082
	3082
	3077.2
	3073.2
̵	3071.6
	3071.2
	3071.2
	3066.8
	3057.6
	3053.2
	3051.6
	3048.4
	3043.2
	3033.2
Ө	3032.8
ֿ	3024.4
	3023.2
	3019.6
	3016
̺	3011.6
	3009.6
§	3001.6
	2998
	2994.8
	2993.2
	2990.8
ɷ	2983.2
	2981.6
	2979.6
	2978.4
	2975.2
ӥ	2965.2
	2964
	2962.4
ӱ	2961.6
	2961.6
˩	2957.6
	2954
	2952.4
̿	2952
	2922.4
в	2922
	2918
	2911.6
Ƽ	2908.8
	2903.6
	2897.2
	2894.4
	2892.8
	2891.6
	2888
	2886.4
Ƹ	2883.2
ٲ	2876.4
	2869.6
	2866.4
	2861.6
	2860
	2854.8
	2851.2
	2850
	2846.4
	2844.4
	2841.6
	2836.4
	2835.6
	2832.8
	2828.8
գ	2823.2
	2822
	2820
	2816.4
	2815.2
	2814.4
ߵ	2812.4
	2810.4
	2801.6
	2800
	2793.2
	2791.6
	2791.6
	2784
	2783.2
ж	2782
Ю	2780
	2778
	2776.8
»	2769.2
	2768
̶	2764.4
׿	2763.2
	2742.4
	2737.6
Ű	2734.8
	2734
׾	2734
Х	2733.6
	2719.6
ù	2718
	2710
	2708
	2698
	2697.2
	2691.6
	2690
®	2689.6
	2687.6
֫	2687.2
˸	2685.6
	2684.4
Ϻ	2681.6
	2680.4
	2670.4
ն	2666.4
֭	2666
	2662
	2658.4
	2652
	2649.6
צ	2648
Ф	2646.4
	2646.4
	2642.4
	2638
	2629.6
å	2624.8
	2624.8
	2622.8
	2620
	2613.2
ɬ	2612.8
	2604
	2603.2
	2600
	2589.2
	2588.8
	2584.8
	2574.8
	2571.6
	2570
	2568.8
	2561.2
	2557.6
о	2556.4
	2552.8
	2551.6
	2551.6
з	2550
ɪ	2547.6
	2546.8
ؤ	2541.2
	2540
	2536.4
	2523.2
	2522.8
	2521.6
	2521.2
	2516.8
	2511.2
	2510.4
ڨ	2507.2
	2500
	2492.8
	2488.8
	2480.8
դ	2476
Ŧ	2471.2
	2468
թ	2467.2
ѷ	2465.6
	2462.8
	2461.6
	2453.2
ӽ	2450.4
Ĥ	2448.4
˲	2447.6
	2446.4
	2441.6
֨	2441.6
	2440
	2434.8
	2432.8
	2430
	2430
	2421.6
	2420
	2420
	2419.6
	2417.6
	2416
	2414.4
	2412.8
	2412.4
	2409.6
	2403.6
	2402
ų	2393
	2390
	2380
ï	2378.8
	2374.8
	2373.6
	2371.6
	2370.8
	2369.6
	2368.8
	2362
Ϩ	2361.6
	2352.8
	2350.8
	2343.2
	2341.6
	2340
	2337.6
	2332.4
	2330
	2328
	2322.8
	2310
	2301.6
Ҿ	2301.6
	2300
	2299.2
	2295.2
	2292.4
	2291.6
	2291.2
	2284.4
	2284
â	2280.4
	2274.8
	2273.2
	2271.6
	2266.4
	2263.2
	2259.6
	2255.2
	2248.8
	2248
	2247.6
	2242.8
	2230
	2227.6
أ	2223.6
է	2214.4
	2210
	2205.6
׸	2205.6
	2194.8
Ѩ	2192.8
	2189.6
	2184.8
	2183.6
Ǣ	2176.8
Ѯ	2174
	2171.6
	2170
	2170
Ѭ	2164.8
	2164.4
	2161.2
š	2157.6
	2154.8
	2144.4
	2144.4
ڤ	2141.6
	2141.6
	2140
	2140
	2133.2
	2132.4
	2124.8
	2120
	2110
	2107.2
	2102
	2100
	2096
	2094.4
	2090
	2089.2
	2087.6
	2087.2
	2084.8
	2081.6
	2081.6
	2080
	2076.4
	2062.8
	2060.8
	2059.2
	2056.8
	2053.2
	2045.2
	2044.8
	2042.4
	2041.6
	2041.6
	2040
Ҥ	2037.6
	2036.4
	2032.8
	2028
	2022
	2021.6
	2020
	2009.6
	2008
	2007.2
	2006
Ѧ	2005.2
	2004.8
	2001.6
	2001.2
Է	2000.8
	2000
	1994
	1990
˧	1989.6
	1981.6
	1970.8
	1968
	1967.6
	1967.2
	1960.8
	1957.6
	1952.8
ɦ	1951.6
ߺ	1950
	1944.8
͡	1942
	1941.6
ѱ	1941.6
	1941.6
	1940.8
	1940.8
	1940
	1940
	1934.8
Ͽ	1932
	1930
	1929.6
	1921.6
ή	1921.6
	1918
	1910
	1910
	1910
	1908
	1906.4
	1906.4
	1901.6
ε	1900
	1900
ʴ	1893.2
ߴ	1892
	1883.2
	1870
	1869.2
	1866.4
̴	1863.2
	1858.4
	1852.8
	1851.6
	1850
	1839.6
	1839.6
	1838.8
	1838.8
έ	1831.2
	1831.2
Ρ	1828.8
ĵ	1826
	1823.2
ž	1821.6
	1821.6
	1810.8
	1810
¾	1810
	1804.4
	1801.2
ո	1800.8
	1799.6
	1796.4
ѣ	1794.8
	1791.6
	1790
	1787.6
	1787.6
ó	1785.6
	1785.6
	1784
	1782.8
	1782.4
	1781.6
	1780.8
	1780
	1780
	1777.6
	1776.4
̣	1774.8
²	1773.2
	1771.6
	1770
	1763.2
	1762.4
	1761.6
	1761.6
	1761.2
к	1760
	1757.6
	1756.4
	1754.8
	1753.6
	1751.6
	1750.4
	1750.4
	1747.6
	1743.6
	1741.2
	1739.6
	1736.4
	1733.2
	1731.2
	1730.4
	1730
	1730
	1729.6
ة	1726
	1722.8
	1721.2
	1720
	1718.4
	1718
	1711.6
	1710
	1709.6
˦	1693.6
կ	1693.2
ɸ	1690.8
	1690
	1684
ѥ	1681.6
	1680
	1678
	1675.6
	1673.2
	1670
	1663.2
	1663.2
	1661.6
̦	1654.8
	1654.8
	1651.2
	1650
	1649.6
	1644
	1642.4
	1640.4
	1640
	1638
	1636.8
ɶ	1633.2
Ĳ	1632.4
	1630
	1630
Ĵ	1624
	1620
Ң	1616.8
	1616.4
	1615.2
	1613.2
	1609.6
Ӿ	1606.8
	1602.8
	1601.2
	1600
ٹ	1596.4
	1594
	1590.4
	1590.4
	1590
	1590
	1589.6
	1584.8
	1583.2
բ	1581.6
	1581.6
	1578
	1574.4
	1574
ҷ	1572.8
ɰ	1572.4
	1567.6
	1566
	1563.2
ļ	1557.6
	1551.6
	1550
ձ	1550
	1545.6
	1544.8
	1544.8
	1544.4
¨	1541.6
	1539.2
	1538
ԧ	1531.6
	1531.6
	1529.2
	1527.6
	1526.4
	1526
ұ	1516.8
	1511.6
	1510
	1509.6
	1508.4
	1508
	1502.8
	1500
	1498
ѳ	1490
	1489.6
ܽ	1486.4
	1486.4
	1483.2
	1482
	1476.4
	1476
	1474.4
	1471.6
	1470
	1470
и	1468.8
	1468
	1466.4
	1466.4
	1461.6
	1460.4
	1454.8
	1454.8
	1453.2
	1452.8
	1451.6
	1447.6
	1441.6
	1441.6
ڭ	1440
	1440
	1430
	1430
	1427.6
	1424
	1423.2
	1420
	1418.8
	1416.8
	1413.6
	1411.6
	1411.2
˻	1410
	1403.2
	1401.6
ͧ	1394
	1390
	1390
	1389.6
	1388
	1387.2
	1386.8
	1385.2
	1381.6
	1380
ɿ	1380
Ǻ	1378
	1374.8
	1373.2
	1370
	1370
̱	1368.4
	1362.8
	1360
	1360
	1360
	1358.4
	1358
߳	1357.2
	1353.6
	1353.6
	1351.6
	1350
	1342.4
ȯ	1340
	1340
	1340
	1339.6
	1337.6
	1332.4
	1331.6
	1330
	1326.4
	1323.2
	1322.4
ʺ	1320
	1318.4
	1310
¦	1306
	1304
Ӻ	1303.2
	1301.6
	1301.2
	1301.2
	1300
	1300
	1300
	1299.2
	1298
	1298
	1290
	1289.6
	1288
	1287.6
	1287.2
	1286.4
	1284.8
	1280.4
	1280
	1278.4
	1276.4
	1274.4
	1270.4
	1270
	1266.8
̭	1266.8
	1266.4
	1266
	1260.8
	1260
	1260
	1260
	1258
	1254.8
	1254
	1252
	1251.6
	1251.6
	1250
	1250
շ	1246.4
ܰ	1243.2
	1242.8
ư	1241.6
	1241.6
	1240
	1239.6
	1239.2
	1237.6
	1237.2
	1236
	1234.4
	1233.2
	1233.2
	1231.6
	1230.4
	1229.6
ξ	1226.4
	1224
	1221.2
	1218
	1217.2
	1214
	1213.2
	1212.4
	1210
ѫ	1208
	1204.8
	1204.4
	1201.6
	1200.8
	1200
	1200
	1197.6
	1196.4
	1195.2
	1195.2
	1194.8
	1193.2
	1192
	1192
	1190.4
	1190
	1186.4
	1181.6
	1180.4
	1180.4
	1180
	1180
	1178.4
	1174.4
	1170
	1170
	1166
	1165.2
	1163.2
	1161.6
	1160.8
	1160
	1160
	1160
	1155.6
	1153.2
	1152.4
	1151.2
	1150
	1150
	1150
	1144.4
	1143.6
	1142.8
	1140
ҭ	1140
	1138.4
	1135.2
˷	1132.8
	1131.6
	1130
	1130
	1130
̻	1126.4
	1122.4
	1119.6
	1119.6
	1114.8
	1113.2
	1110.4
	1110
	1110
ե	1110
	1103.6
	1103.2
	1102.4
	1101.6
	1100.8
	1100
	1098.4
ئ	1097.6
	1096.4
	1095.2
	1094.8
ſ	1094
	1093.2
	1090
	1090
	1090
	1090
	1089.6
	1088.4
	1086.4
	1086
	1081.2
	1080
	1080
պ	1080
	1078
	1078
ݷ	1078
	1076
	1074.4
	1074
	1073.2
	1072
	1070
	1068
	1067.6
	1065.6
٩	1065.6
	1064.8
	1063.2
̮	1063.2
	1062
	1061.6
	1061.6
	1061.6
Ǿ	1060
	1060
	1054.8
	1052.4
	1051.6
	1051.6
	1051.2
	1050
	1050
	1049.2
	1044.8
	1044
	1043.2
	1040.4
	1038.8
	1033.6
ź	1032.4
˱	1031.2
	1030
	1030
ج	1030
	1030
	1030
	1028
	1024.8
	1024.8
	1024
	1023.2
	1022.4
	1021.6
	1019.6
	1014.4
	1014.4
	1012.4
	1010
	1010
	1010
	1003.2
	1002.8
	1002.8
	1001.6
	1001.6
	1000
	1000
	1000
	997.6
	997.6
	993.2
	993.2
	991.6
	990
	990
	988
	984.8
	984.8
گ	981.6
	981.6
´	981.6
­	980.8
	980
	980
	980
	980
	973.2
	973.2
	971.2
	971.2
	970
	970
	969.6
	969.6
׶	969.2
	968.4
	965.2
	963.2
	963.2
	962.4
	961.6
Գ	960
	960
	960
	960
	957.6
	957.6
	957.6
	956
	954
	950
	950
	944.8
	941.6
	941.6
	941.2
	940
	940
	939.6
	939.6
	935.6
	934.8
	931.6
ө	931.6
	931.6
	931.6
	931.6
	930
	930
	930
	930
	930
Ͻ	926
	922.8
	921.6
	920
	920
	919.2
	918.4
	914.4
	913.2
	911.6
¢	911.2
	911.2
	910
	910
	910
	910
	910
	910
	907.2
	907.2
	905.6
ع	904.4
	904.4
	901.6
	901.2
	900.8
	900
	900
	899.2
	897.2
׭	896.4
	894.8
	891.6
	891.6
	891.2
	890.4
	890
	888
	887.2
	886.4
	884.8
Ź	883.2
	882.4
	881.6
	881.6
	880
	880
ȵ	880
	880
	880
	879.6
	876
ٿ	873.2
	871.6
	870
	870
	866.4
	866.4
î	864
±	861.2
	860.8
	860
	860
	860
	860
	859.2
	858
	854.4
Ÿ	854.4
	854.4
	854
	853.2
	853.2
Ǵ	851.6
	850
	850
	850
	846.4
	846
	845.2
	843.2
	840
Ҹ	840
	840
	839.6
˨	838.8
߯	838
	837.2
	836.4
	833.2
	832.8
	830
	830
ڣ	830
	830
	830
	830
ֺ	829.6
	828
	828
	827.6
	827.2
	821.6
	821.6
	821.6
	821.2
	820.8
	819.6
	814
ԫ	811.6
	810.8
	810
	810
	810
	808.8
	808
	805.2
	804
	802
	801.6
	801.6
	801.2
֩	798.8
	798
	796.8
ơ	796
	794.8
	794.4
	791.6
	790
	790
	790
	790
	789.6
	788
ê	788
ެ	787.6
	786.4
	786
	781.6
	781.2
	780
	780
	780
	780
ڵ	780
	780
߬	780
	780
	774.4
	774.4
	773.2
	771.6
Ҩ	771.6
	770
	770
	770
	770
	770
	770
	770
	770
	769.6
	768
	768
ɼ	766.8
	766.4
	766
޹	763.2
	760
Φ	760
	760
	760
	759.6
	757.6
ا	754
	753.2
خ	752.8
	752.4
	751.6
	750
	750
	750
	744.8
տ	743.6
	743.2
	740
	740
	740
	740
	739.2
ǭ	738.4
	738
	733.2
	731.6
	731.6
	731.6
	730
Ҵ	730
	730
	729.6
	727.6
	726.4
	726
	726
	724.8
ʭ	723.2
	721.6
	720
	720
	720
	720
	719.6
	719.2
	715.6
Ԧ	713.2
	712.4
	711.6
	710
	709.6
	708
	704.8
	704.4
	701.6
	701.6
	700.4
	700
	700
	700
	698
	698
	698
	696.8
	693.2
	693.2
	692.8
ګ	690
	690
	690
	690
	690
	690
	690
	689.6
	686.4
	686.4
	686
	684.8
	684.4
	682.8
	682.4
	681.6
Ҭ	681.6
	680
	680
	680
	680
׵	676.4
	676.4
ب	674.8
	674
	672.8
	671.6
ȳ	671.6
	671.6
	670
	670
	670
	670
	670
	670
ؽ	667.2
	664.8
٤	664.8
	660
	660
	660
	660
	658
	657.6
	657.6
	656.8
	656.4
	655.6
	655.2
	653.6
	653.2
	650
	650
ڱ	650
	649.6
	648
	646.4
	646
	644.8
	643.6
	643.2
	642.8
	640
	640
	640
	640
	640
	640
	640
ڿ	640
	640
	640
	639.6
	638
	637.2
	636.8
	636.4
	636.4
	636.4
ۻ	635.6
γ	634.8
	633.2
	633.2
	631.6
ܲ	631.2
	630.8
	630
	630
ک	630
	629.6
¸	628
	626.8
	626.4
	624
	622.8
	622.4
ȧ	621.6
ڶ	621.6
	620.4
	620
	620
߽	620
	620
	620
	620
	618
	614.8
	613.2
	613.2
	611.6
	610
	610
	610
	610
	610
	610
	610
	609.6
	601.6
ٺ	601.6
	600.8
	600
	600
ӧ	596
	595.6
	591.6
	591.6
	591.6
	591.2
	590.8
	590.4
	590
	590
	590
	590
	590
	590
	590
	586.4
	586
	586
ӻ	586
	584.8
	584.8
	583.2
	581.6
	581.2
	580
	580
	580
¤	580
	580
	580
	580
	580
	580
	580
	579.2
	578.8
	573.2
	572.8
	571.6
	571.6
׻	570
	570
	570
	570
	570
	570
ű	570
	570
	570
	570
	569.6
	567.6
	566.4
	565.6
	564.4
	560
	560
	559.2
	558.4
	558
	557.6
	556.4
	556
μ	555.2
ͮ	554.4
ǯ	554
	553.2
	550
	550
	550
	550
ڻ	550
	550
	548
	546.4
	545.6
	544.4
Ƚ	544
	543.2
	542.8
	541.6
	541.6
	541.6
	541.2
	540.8
	540.4
	540
	540
	540
á	540
	540
	540
	536.4
	533.2
	530
	530
	530
	530
	528
	525.6
	523.2
	523.2
	523.2
ٵ	521.6
	520
ڽ	520
	520
	520
	519.6
	519.6
	517.6
	517.2
	517.2
	516
	513.2
ղ	512.8
	512.8
	512
	511.6
	511.6
Ѥ	511.2
	510
	510
	510
	509.6
	509.2
	506.4
	506.4
	504.8
	503.2
	501.6
	501.6
	500
	500
	500
	500
	500
	500
	500
	500
	500
	497.2
	496
	494.4
ۡ	492.8
	491.6
	491.6
ӷ	490.8
	490
	490
	486.8
	486.8
	486
	484.8
	481.6
	481.6
	481.6
	481.2
	481.2
	480
	480
	480
	480
۬	480
	475.6
	473.2
	473.2
	472.8
ټ	471.6
	471.6
	470
	470
	470
	470
Ʀ	470
	470
	470
	470
	468.4
	466.4
	466
	466
	465.6
	464.8
°	464.8
	464.8
	464.8
	463.2
Ţ	463.2
ݼ	462
ԯ	461.6
	461.6
	460
	460
	460
	460
	460
	460
	460
	460
ڸ	460
	454.8
	454.8
	453.2
	451.6
	450
	450
	450
	450
	446
	444.8
	444.8
	443.2
	443.2
	443.2
	443.2
	441.6
	440.8
	440
	440
	440
	440
	440
	440
	440
	440
	440
	440
	438
ƹ	437.6
	436.4
	434.8
	434.8
	434.8
	433.2
	433.2
	433.2
	431.6
	431.6
	431.6
	431.6
	431.2
	430
	430
	430
	430
	430
	430
	430
	430
	430
	430
	429.6
	429.2
	427.2
	426.4
	425.6
	424.8
ڹ	424.4
	424.4
	423.2
	421.6
	421.2
	420
	420
	420
	420
	420
	420
	420
	420
	420
	420
	420
	420
	419.6
	418
	414.4
	413.2
	413.2
	411.6
	410
	410
	410
	410
	407.6
	404.4
	402.8
Ϭ	401.6
Ȭ	401.6
	401.6
	401.6
	401.6
	401.2
	400
	400
	400
	400
	400
	400
ڮ	400
	400
	398
	397.6
ͫ	397.2
	397.2
	396.4
	394.8
ٯ	394
	393.2
	391.6
	391.6
̡	390.8
	390
ݮ	390
٬	390
	390
	390
	390
ա	390
	390
	390
	389.6
	388
	387.6
ߡ	386.4
	386.4
	385.6
	385.2
	384.8
	384.8
	384.8
	384.4
	383.6
ݱ	383.2
	383.2
	382.8
	381.6
	381.6
	381.6
	381.6
	381.2
	380.8
	380
	380
	380
	380
Ģ	380
	380
	380
	380
	378.4
	378
	375.6
	373.2
	372.8
ȶ	372.8
	371.6
	371.6
	371.6
ط	370.8
	370
	370
	370
	370
	370
	370
	370
Ŵ	370
	370
	370
	370
	369.6
	364.8
	364.8
	364.8
	364.8
	363.6
	363.2
	361.6
	361.6
	361.6
	361.2
	360
	360
	360
	360
	360
	360
	360
	360
	360
	360
	360
	360
ٳ	359.6
	357.6
	357.6
	354.8
	353.2
	353.2
	353.2
	352
	351.6
	351.6
	351.6
	351.6
	351.6
	351.6
	351.2
	350
	350
	350
ޢ	350
ǵ	350
	350
	350
	350
	350
	350
	350
	348
	347.2
	344.8
	344.8
	343.2
	343.2
	343.2
	341.6
	341.6
	341.6
ذ	341.2
	340
	340
	340
	340
	340
	340
	340
	340
	340
	339.6
	339.2
	338.4
	336.4
	336.4
	333.2
	333.2
	330
	330
	330
	330
	326.4
	324.8
	324
	323.2
	322.8
	322.4
	321.6
	321.6
	320.8
	320
	320
	320
	320
	320
	320
ڦ	320
	319.6
	319.6
	318
Ѵ	317.6
	316.4
ݸ	314.4
	314.4
	313.2
	313.2
	312.8
	312.4
	311.6
	310
	310
	310
ڼ	310
	310
	310
	310
	310
	310
g	310
	310
	310
	309.6
	307.2
	306.4
զ	306.4
	306.4
	306.4
	301.6
	301.6
	301.6
	300
۫	300
	300
	300
	300
	300
	300
	300
	298
	296.4
	294
	293.2
	293.2
	292.4
	291.6
	291.6
	290
	290
	290
	290
	290
	290
	290
	290
	290
	290
	290
	287.6
	287.6
	286.4
	284.8
ߢ	284.8
	283.2
	283.2
	281.6
	281.6
	281.6
	281.6
	281.6
	281.6
	281.6
	280
ŧ	280
	280
	280
	280
	280
	280
	280
	280
	280
	280
	280
	280
	278
	278
	276.4
	274.8
	273.2
	273.2
	271.6
	271.6
	271.6
	270
	270
	270
	270
	270
	270
ھ	270
	270
	270
	270
	270
	270
	270
	269.2
	266.4
	266
	265.6
	264.4
	261.6
ݣ	261.6
	261.6
	260
	260
	260
̢	260
	260
	260
	260
	260
	260
	260
	260
	260
	260
	260
	259.6
	256.8
	256.4
	256
	256
	254.8
	254.8
	254.8
	254
	253.6
٪	253.2
	251.6
	251.6
	251.6
	251.2
	250.8
	250
	250
	250
	250
	250
	250
	250
ں	250
	249.6
	246.4
ٮ	245.2
	244.4
	243.2
	242.8
	241.6
ק	241.6
	241.6
	241.6
	240
	240
	240
	240
	240
	240
	240
	240
	240
	240
	240
ߩ	240
	239.6
	239.2
Ш	238
	238
	236.8
Ǽ	236.4
	236
	234.8
	234.8
	233.2
	231.6
	231.6
	231.6
	230.8
	230.4
	230
	230
	230
	230
	230
	230
	230
	230
	230
	230
	230
ϭ	230
ߥ	230
	230
	230
	230
	230
	230
	230
	229.6
	227.2
	226.4
ٸ	226.4
	224.8
	224.4
ӫ	224.4
	224
	223.2
	222.8
	221.6
ڲ	221.6
	221.6
	221.2
	221.2
	220
	220
	220
ͱ	220
	220
	220
	220
	220
	220
	220
	220
	216.4
п	215.2
	214.8
	214.8
	214.8
	213.6
	213.2
	212.8
	210.8
	210
	210
	210
	210
	210
	210
ڪ	210
	210
	210
	210
	210
	210
	210
޴	210
	210
	210
	208
	206.4
	204.8
	204.8
	203.2
	201.6
	201.6
	201.6
	200.8
	200
	200
	200
	200
	200
	200
	200
٢	200
	200
߱	200
	200
	200
	200
	200
	200
ٽ	200
	200
	200
	200
	200
	199.6
	198.8
	198.4
	198
	198
	194.8
	194.8
	193.2
	191.6
	191.6
	191.6
	191.6
	191.2
	190.8
	190.8
	190
	190
	190
	190
	190
	190
	190
	190
	190
	190
	190
	190
	190
	190
	189.6
	188
	188
	184.8
	184.8
	183.2
	181.6
	181.6
	181.6
ܷ	181.2
	180
	180
	180
	180
	180
	180
	180
	180
	180
	180
	180
	180
D	180
	180
	180
	180
	180
	178
	177.6
	177.6
	176.4
	174
	173.2
	171.6
	171.6
	171.6
	171.6
	171.6
	170
	170
	170
	170
	170
	170
	170
	170
	170
ۼ	170
	170
	170
	170
	170
	170
	170
	170
	168
	166.4
	164.4
ۿ	164.4
	164
	163.6
	163.2
	163.2
	162.8
	161.6
	161.6
	161.6
	161.6
	161.6
	161.6
	161.6
	161.6
	160
	160
	160
	160
	160
	160
	160
	160
	160
	160
	160
	160
	160
	160
	160
	160
	160
	160
	160
	160
	160
	160
	160
	159.6
	159.6
	158
	157.6
ݬ	154.8
	154.8
	154
	154
	154
	153.2
	151.6
	151.6
Ӽ	151.6
	151.2
	150.4
	150
	150
ݶ	150
	150
ٱ	150
	150
	150
	150
	150
	150
	150
	150
	150
	150
	150
	150
	150
	150
	150
	150
ڬ	150
	150
	150
	150
	150
	148
	147.6
	146
	146
Ǫ	145.2
	144.8
	143.2
	143.2
	142.8
Ҽ	142.8
̼	142.4
	142
	141.6
	141.6
	141.6
	141.6
þ	141.6
	140
	140
	140
	140
	140
	140
	140
	140
	140
	140
	140
	140
	140
	140
	140
	140
	140
	140
	140
	140
	140
	140
	140
	140
	140
	140
	139.6
	138.4
	136.4
	135.2
	134.8
	134.8
	133.2
	132.8
	131.6
	131.6
	131.6
	131.6
	130
	130
	130
	130
	130
	130
	130
۶	130
	130
	130
	130
	130
	130
	130
	130
	130
	130
	130
	130
	130
	130
	130
ܳ	130
	129.2
ϳ	128.8
	128
	126.4
	125.2
	121.6
	121.6
	121.6
	121.6
	120.8
	120.4
	120
ݰ	120
	120
	120
	120
	120
	120
	120
ث	120
	120
ظ	120
	120
	120
	120
	120
ޣ	120
	120
	116.4
Ϋ	114.8
	114.4
	113.2
޿	113.2
	111.6
	111.6
	111.6
	110
	110
	110
	110
	110
	110
	110
	110
	110
	110
	110
	110
	110
߾	110
	110
	110
	110
	110
	105.6
	104.8
	103.2
	103.2
غ	103.2
ҿ	101.6
	100
	100
	100
	100
	100
	100
	100
	100
	100
	100
	100
	100
	100
ް	100
	99.6
	99.6
	98
	96.4
	96.4
	95.2
	94
ø	93.6
	93.2
	91.6
	91.6
	91.6
	91.6
	91.6
	90.8
	90
޼	90
	90
	90
	90
	90
	90
	90
	90
޲	90
޺	90
	90
	90
	90
	90
	90
	90
	90
	90
	90
	90
	90
	90
	88
	87.6
	85.6
	84.8
	84.8
	84
	83.2
º	83.2
	83.2
߮	82.8
	81.6
	81.6
	81.6
	80.8
	80
	80
	80
߸	80
	80
	80
	80
	80
	80
Ѣ	80
	80
	80
	80
	80
	80
	80
޾	80
	80
	80
	80
	78
	76.4
	74.8
	74.8
	74.4
	74.4
	73.2
	73.2
	71.6
	71.6
	71.2
	70
	70
	70
	70
	70
	70
	70
	70
	70
	70
	70
	70
	70
	70
	70
	70
	70
	70
	69.6
	66.4
	66.4
	66.4
	65.6
	64.8
	64.8
	64.8
	63.6
	63.2
	63.2
	63.2
	62.8
	61.6
	61.6
	61.6
	61.6
ɻ	61.6
	61.6
	60
	60
	60
	60
	60
	60
	60
	60
	60
߲	60
	60
	60
	60
	60
	60
ޤ	60
	60
۪	54.8
	53.2
	53.2
	53.2
	53.2
	53.2
	52
	51.6
	51.6
	51.6
Ȳ	51.6
	51.2
	51.2
	50
	50
	50
ޭ	50
	50
	50
	50
	50
ߪ	50
	50
	50
	50
	50
	50
	50
	50
	50
	50
	50
	50
	50
	50
	50
	50
ٴ	50
	50
	50
	50
	49.6
	47.6
	46.4
	44.8
	43.2
ϫ	41.6
	41.6
	40.4
	40
	40
٥	40
	40
	40
	40
	40
	40
ܯ	40
	40
	40
	40
߿	40
	40
	40
ާ	40
ϩ	37.2
	37.2
	36.4
	34.8
	33.2
ܭ	33.2
	32.8
۳	32.4
	31.6
۩	31.6
	30
	30
	30
	30
	30
ۤ	30
	30
	30
	30
	30
	30
	30
	29.6
	28.8
	26
	26
	24.8
	23.2
	23.2
	23.2
	21.6
	21.6
	20
	20
	20
	20
	20
	20
	20
	20
	20
	20
	20
	20
	20
	19.2
	14.4
ۭ	13.2
	13.2
	10
	10
	10
	10
	10
	10
	10
	10
	10
	10
	10
ۺ	10
	10
	10
	10
	10
ͪ	8
F	6.4
	6.4
	4.8
	4.8
	3.2
	3.2
	1.6
	1.6
	1.6
	1.6
	0
	0
	0
Ї	0
	0
	0
	0
	0
	0
	0
	0
	0
	0
ɑ	0
	0
	0
	0
	0
	0
	0
	0
	0
ԁ	0
	0
ۥ	0
	0
ч	0
	0
	0
	0
	0
	0
	0
	0
	0
	0
ۧ	0
	0
	0
	0
	0
	0
	0
	0
	0
ǟ	0
	0